100 0.332717 600
200 0.720392 1479
300 1.16221 2511
400 1.60943 3632
500 2.08491 4809
600 2.58427 6090
700 3.08127 7393
800 3.5678 8764
900 4.06642 10103
1000 4.61596 11549
1100 5.16399 13045
1200 5.64385 14498
1300 6.16719 15995
1400 6.71263 17534
1500 7.45964 19119
1600 7.81436 20670
1700 8.34509 22215
1800 8.88472 23835
1900 9.49037 25504
2000 9.9939 27142
2100 10.5217 28815
2200 11.0424 30518
2300 11.6475 32240
2400 12.1546 33929
2500 12.752 35617
2600 13.3225 37372
2700 13.9079 39117
2800 14.4751 40904
2900 15.0728 42654
3000 15.7094 44476
