100 0.17325 741
200 0.36365 1715
300 0.71605 3278
400 1.01265 4618
500 1.24892 5939
600 1.57504 7435
700 1.82939 8970
800 2.32191 11022
900 2.78153 13291
1000 2.65598 13553
1100 3.19033 16043
1200 3.46577 17855
1300 3.49437 18110
1400 4.10179 21440
1500 4.49886 23714
1600 6.02303 24977
1700 19.7666 28539
1800 7.19904 31981
1900 5.80021 28685
2000 6.53262 33623
2100 6.77722 35194
2200 6.73777 35072
2300 8.20392 42585
2400 8.1704 42354
2500 11.5139 43528
2600 8.54051 44974
2700 8.76652 47455
2800 9.53766 50519
2900 10.2234 53030
3000 10.5655 56528
