100 0.0596334 300
200 0.1233 725
300 0.194117 1221
400 0.273542 1771
500 0.363733 2366
600 0.454492 2977
700 0.549916 3609
800 0.659225 4309
900 0.757942 5031
1000 0.857975 5710
1100 0.972867 6372
1200 1.08364 7136
1300 1.20356 7899
1400 1.3146 8733
1500 1.40364 9479
1600 1.52125 10241
1700 1.62521 10984
1800 1.76325 11831
1900 1.87122 12639
2000 1.9919 13484
2100 2.11792 14375
2200 2.30754 15275
2300 2.45532 16062
2400 2.52427 16968
2500 2.63602 17940
2600 2.7358 18738
2700 2.86478 19612
2800 3.02611 20521
2900 3.12653 21490
3000 3.31698 22379
