100 0.46765 360
200 0.926267 798
300 1.18641 1230
400 1.36074 1662
500 1.52012 2086
600 1.66398 2514
700 1.83409 2952
800 2.00053 3386
900 2.26845 3856
1000 2.53712 4322
1100 2.74073 4768
1200 2.94128 5222
1300 3.2466 5672
1400 3.53121 6170
1500 3.87974 6672
1600 4.22474 7162
1700 4.55105 7662
1800 5.04873 8132
1900 5.18923 8634
2000 5.52168 9130
2100 5.91083 9632
2200 6.37295 10148
2300 6.81599 10668
2400 7.29344 11218
2500 7.72713 11758
2600 8.2985 12324
2700 8.69374 12860
2800 9.11147 13400
2900 9.68417 13954
3000 10.0242 14492
