100 0.0946086 655
200 0.211966 1556
300 0.339525 2498
400 0.492608 3535
500 0.602742 4363
600 0.789783 5788
700 0.92755 6716
800 1.07164 7576
900 1.34848 9415
1000 1.42776 10207
1100 1.52182 10959
1200 1.64408 12020
1300 2.2103 13512
1400 2.03186 14794
1500 2.31867 16883
1600 2.46844 18002
1700 2.67133 19281
1800 2.86214 20161
1900 2.99841 21776
2000 3.14762 22746
2100 3.28292 23813
2200 3.67115 26526
2300 3.75361 27289
2400 3.88157 28034
2500 3.93413 28406
2600 4.28916 30978
2700 4.3365 31391
2800 4.42056 32080
2900 4.7126 34016
3000 4.97597 35791
