100 0.284442 600
200 0.643425 1479
300 1.05834 2511
400 1.48869 3632
500 1.91795 4809
600 2.38406 6090
700 2.87119 7393
800 3.33222 8764
900 3.8093 10103
1000 4.2976 11549
1100 4.81546 13045
1200 5.32299 14498
1300 5.82673 15995
1400 6.57599 17534
1500 6.95813 19119
1600 7.43811 20670
1700 7.94543 22215
1800 8.47355 23835
1900 9.00867 25504
2000 9.54629 27142
2100 10.0858 28815
2200 10.6587 30518
2300 11.5713 32240
2400 11.9502 33929
2500 12.6101 35617
2600 12.9876 37372
2700 13.5865 39117
2800 14.2011 40904
2900 14.7126 42654
3000 15.8268 44476
