100 0.317808 777
200 0.709642 1797
300 1.12946 2889
400 1.52848 3854
500 1.95166 4879
600 2.39411 6099
700 2.86155 7221
800 3.29684 8394
900 3.79302 9535
1000 4.18655 10313
1100 4.68083 11403
1200 5.20038 13142
1300 5.67317 14564
1400 6.38674 15764
1500 6.78078 17074
1600 7.14479 18224
1700 7.61423 19520
1800 8.06841 20791
1900 8.61292 22180
2000 8.96561 22587
2100 9.49718 23624
2200 10.1144 25752
2300 10.6078 27196
2400 11.1709 28866
2500 11.5596 29889
2600 12.1737 31532
2700 12.7198 32755
2800 13.1304 34022
2900 13.5773 35137
3000 14.1606 35727
