100 0.1396 893
200 0.271742 1837
300 0.403767 2815
400 0.543667 3839
500 0.673508 4696
600 0.804842 5650
700 0.950883 6620
800 1.07165 7483
900 1.19975 8411
1000 1.34762 9412
1100 1.50176 10403
1200 1.61052 11376
1300 1.77557 12275
1400 1.86809 13121
1500 1.99663 14098
1600 2.12563 14945
1700 2.26693 15851
1800 2.37913 16804
1900 2.50988 17611
2000 2.63955 18609
2100 2.77781 19515
2200 2.89663 20480
2300 3.06457 21329
2400 3.17447 22327
2500 3.32159 23341
2600 3.4603 24234
2700 3.59939 25170
2800 3.70766 26004
2900 3.80798 26981
3000 3.93098 27870
