100 1.29723 6589
200 5.05402 23358
300 10.9293 49235
400 19.5832 85640
500 25.3811 112006
600 38.4177 167628
700 53.8306 233169
800 71.136 306414
900 91.6901 392104
1000 112.911 483209
1100 137.711 587593
1200 164.315 700073
1300 51.9944 247566
1400 79.3983 362078
1500 113.665 506133
1600 151.438 660902
1700 92.3994 426062
1800 129.46 585433
1900 93.7392 475856
2000 141.216 671707
2100 72.1845 337677
2200 63.569 308235
2300 100.929 461181
2400 136.726 606518
2500 55.3235 262843
2600 70.919 333136
2700 119.781 539239
2800 140.352 783490
2900 95.1694 466948
3000 114.037 552309
