100 0.344008 474
200 0.7288 962
300 1.03014 1432
400 1.34401 1912
500 1.64764 2382
600 2.01812 2882
700 2.35622 3372
800 2.67026 3850
900 2.98453 4320
1000 3.32058 4796
1100 3.58141 5254
1200 3.94776 5744
1300 4.31447 6232
1400 4.64858 6722
1500 5.14535 7230
1600 5.41077 7726
1700 5.75999 8224
1800 6.07301 8716
1900 6.31605 9180
2000 6.63853 9654
2100 6.94833 10138
2200 7.36535 10632
2300 7.74828 11144
2400 8.13918 11624
2500 8.3317 12080
2600 8.63527 12554
2700 8.98265 13040
2800 9.27023 13512
2900 9.66283 14010
3000 9.8947 14492
