100 0.273133 777
200 0.638717 1797
300 1.01598 2889
400 1.39699 3854
500 1.77973 4879
600 2.21745 6099
700 2.63303 7221
800 3.07245 8394
900 3.48455 9535
1000 3.87722 10313
1100 4.28624 11403
1200 4.90551 13142
1300 5.36533 14564
1400 5.8254 15764
1500 6.25977 17074
1600 6.73445 18224
1700 7.20808 19520
1800 7.65604 20791
1900 8.15926 22180
2000 8.45502 22587
2100 8.88816 23624
2200 9.5243 25752
2300 10.0283 27196
2400 10.5882 28866
2500 11.0362 29889
2600 11.5694 31532
2700 12.0569 32755
2800 12.5585 34022
2900 13.0476 35137
3000 13.4037 35727
