100 0.109175 847
200 0.245058 1917
300 0.418275 3213
400 0.62485 4762
500 0.861692 6469
600 1.12543 8449
700 1.43594 10656
800 1.77235 13153
900 2.16774 15941
1000 2.58307 19009
1100 3.0317 22246
1200 3.53717 25753
1300 4.14046 30150
1400 4.64286 33776
1500 5.26061 38214
1600 5.93783 42945
1700 6.72167 48391
1800 7.49554 54053
1900 8.26884 59603
2000 9.06106 65326
2100 9.21078 66301
2200 10.6648 76663
2300 11.5772 83047
2400 12.3883 88746
2500 13.2303 94840
2600 14.1937 101548
2700 14.961 107191
2800 15.8941 113522
2900 16.5243 118212
3000 17.4456 124443
