100 0.303767 607
200 0.634208 1306
300 0.992117 2082
400 1.36908 2836
500 1.76288 3697
600 2.14293 4379
700 2.53326 5159
800 2.93589 6078
900 3.34958 6953
1000 3.75469 7964
1100 4.17357 8635
1200 4.56759 9409
1300 4.99616 10353
1400 5.50397 11055
1500 5.90601 12013
1600 6.35228 13086
1700 6.73964 14062
1800 7.18224 14941
1900 7.58583 15958
2000 8.0949 17061
2100 8.4993 17891
2200 8.92969 18518
2300 9.41388 19430
2400 9.78304 20098
2500 10.2552 21215
2600 10.6762 21929
2700 11.1519 22821
2800 11.6062 23783
2900 12.0328 24767
3000 12.5046 25685
