100 0.25545 1759
200 0.50215 3512
300 0.777233 5516
400 1.01739 7244
500 1.2952 9243
600 1.57026 11198
700 1.819 13084
800 2.07227 14810
900 2.3554 16767
1000 2.64342 18767
1100 2.86876 20399
1200 3.13173 22480
1300 3.3999 24226
1400 3.64862 26163
1500 3.88892 27831
1600 4.11716 29482
1700 4.38159 31378
1800 4.67906 33379
1900 4.95051 35424
2000 5.20977 37179
2100 5.4295 39012
2200 5.68927 40915
2300 5.91519 42592
2400 6.16913 44240
2500 6.4611 46226
2600 6.68982 47918
2700 6.96673 50059
2800 7.29086 52241
2900 7.55268 54087
3000 7.8171 56070
