100 1.17767 6661
200 4.4916 23572
300 9.87209 50545
400 17.3171 87213
500 26.8117 134359
600 38.3816 191516
700 52.1118 258759
800 67.7598 335480
900 85.5767 422664
1000 108.413 519927
1100 128.696 626651
1200 151.964 743918
1300 177.87 870858
1400 206.073 1007843
1500 242.686 1154399
1600 269.475 1311141
1700 304.105 1478243
1800 340.064 1655164
1900 378.857 1842350
2000 419.103 2039349
2100 462.17 2246442
2200 525.116 2463694
2300 556.596 2690386
2400 623.879 2927160
2500 659.006 3174319
2600 708.867 3430943
2700 764.641 3698319
2800 819.449 3975681
2900 883.423 4262548
3000 939.849 4559596
