100 0.3208 480
200 0.689675 970
300 0.977642 1440
400 1.31193 1920
500 1.63615 2392
600 1.87504 2848
700 2.23629 3328
800 2.66132 3840
900 3.04117 4334
1000 3.35563 4814
1100 3.66233 5290
1200 3.93874 5748
1300 4.21148 6236
1400 4.58918 6728
1500 5.02034 7218
1600 5.30969 7722
1700 5.66915 8218
1800 6.06977 8706
1900 6.44415 9208
2000 6.70555 9668
2100 7.03285 10146
2200 7.31599 10616
2300 7.67618 11096
2400 8.02111 11586
2500 8.36912 12084
2600 8.70728 12560
2700 8.99323 13040
2800 9.2787 13512
2900 9.64897 14010
3000 9.99801 14492
