100 0.247083 589
200 0.544933 1287
300 0.87625 2052
400 1.22639 2819
500 1.58902 3741
600 1.94497 4419
700 2.33891 5173
800 2.71096 6110
900 3.10389 6968
1000 3.51085 8102
1100 3.88225 8788
1200 4.27695 9587
1300 4.65859 10211
1400 5.04812 11190
1500 5.46157 12239
1600 5.90207 13036
1700 6.33867 13922
1800 6.74719 14856
1900 7.17567 15847
2000 7.57453 17147
2100 8.00095 17884
2200 8.42583 18719
2300 8.90006 19442
2400 9.28003 20199
2500 9.68692 21152
2600 10.139 21885
2700 10.5632 22771
2800 11.0271 23845
2900 11.488 24783
3000 11.8839 25932
