100 0.173825 1316
200 0.362375 2753
300 0.681217 5079
400 0.866633 6475
500 1.2264 9131
600 1.70522 12578
700 1.93233 14206
800 2.36244 17048
900 2.92965 20946
1000 3.39557 24676
1100 3.88816 27963
1200 4.68629 33913
1300 4.997 35967
1400 5.79429 41641
1500 6.39113 45780
1600 7.0801 50719
1700 8.04963 57408
1800 8.89132 63446
1900 9.41237 67024
2000 10.614 75477
2100 11.1335 79214
2200 12.2986 87408
2300 13.4135 95247
2400 14.2107 100655
2500 15.2616 107484
2600 16.5422 117152
2700 17.5692 124435
2800 18.9739 134242
2900 19.7604 139937
3000 21.1595 149578
